models/data/gisElevation.asc
NCOLS 320
NROWS 240
XLLCORNER -11856052.511874
YLLCORNER 4317423.928
CELLSIZE 191.312255
NODATA_VALUE NaN
[rows 60 to 89 of 240, columns 201 to 267 of 320]
2274.98 2275.34 2273.7 2257.59 2250.84 2259.65 2262.73 2253.54 2247.57 2235.52 2235.07 2219.38 2200.61 2200.43 2194.74 2201.68 2188.49 2186.66 2198.57 2181.45 2179.09 2165.43 2171.45 2160.9 2154.81 2153.08 2144.95 2146.61 2145.06 2141.52 2138.17 2132.22 2125.91 2120.45 2115.99 2120.72 2112.14 2118.92 2102.29 2095.6 2090.14 2089.42 2082.11 2083.81 2100.09 2093.64 2097.2 2088.54 2096.25 2081.8 2078.01 2089.6 2075.83 2047.17 2019.75 2028.66 2038.69 2032.16 2036.38 2031.71 2013.99 1994.43 1986.18 1982.91 1971.59 1962.1 1964.01
2284.55 2286.32 2282.88 2273.86 2270.08 2255.03 2248.35 2242.81 2235.49 2233.75 2220.93 2218.79 2221.19 2206.66 2200.5 2184.98 2180.18 2180.09 2171.4 2170.41 2165.79 2160.56 2158.34 2156.88 2147.77 2147.25 2140.36 2138.11 2135.1 2130.28 2127.78 2122.62 2120.04 2116.11 2114.33 2111.47 2108.66 2104.53 2102.8 2101.91 2096.5 2088.64 2079.69 2078.71 2084.18 2083.41 2082.86 2087.06 2080.96 2089.13 2070.29 2059.47 2047.58 2035.74 2037.16 2016.88 2021.78 2026.37 2023.9 2021.54 2002.81 1990.85 1981.44 1976.77 1969.58 1959.09 1961.42
2306.5 2301.71 2294.08 2285.71 2264.64 2266.38 2262.91 2244.31 2246.09 2243.04 2239.43 2228.96 2213.52 2224.54 2205.84 2207.72 2190.92 2191.74 2182.68 2179.85 2173.2 2165.87 2157.82 2153.94 2148.66 2141.09 2136.6 2131.55 2127.7 2125.56 2131.19 2137.32 2130.55 2129.66 2125.92 2114.54 2121.07 2122.28 2126.61 2104.12 2097.7 2090.87 2084.12 2073.96 2068.59 2076.05 2071.83 2068.61 2072.64 2085.14 2069.67 2070.49 2064.63 2058.86 2060.1 2035.21 2009.31 1995.84 2009.54 2007.46 2010.57 1991.2 1976.32 1970.2 1960.29 1957.81 1961.67
2293.57 2312.06 2299.12 2275.38 2273.23 2274.82 2258.47 2265.53 2254.35 2241.76 2250.99 2232.04 2227.67 2219.68 2224.61 2213.11 2214.33 2203.93 2199.68 2190.03 2179.16 2174.52 2172.89 2170.97 2157.89 2149.01 2137.41 2129.56 2124.77 2120.6 2123.7 2141.73 2135.51 2125.24 2131.84 2126.64 2118.91 2123.95 2129.76 2130.59 2113.37 2093.91 2086.72 2078.45 2068.02 2063.35 2060.18 2057.53 2062.05 2072.46 2092.09 2067.25 2056.33 2049.06 2038.61 2020.06 2034.73 2019 2004.4 1982.75 1992.39 1985.54 1971.67 1965.44 1958.72 1956.56 1964.84
2280.96 2292.49 2300.11 2285.77 2279.6 2278.18 2277.21 2270.99 2264.08 2262.53 2253.03 2240.46 2241.08 2247.05 2243.36 2235.38 2232.01 2221.71 2219.55 2202.79 2189.77 2200.45 2196.44 2182.79 2168.34 2152.62 2144.57 2133.72 2125.18 2119.72 2114.59 2118.09 2119.86 2118.75 2119.04 2124.9 2115.51 2106.32 2105.96 2101.34 2097.3 2094.36 2086.18 2078.3 2078.68 2072.62 2072.08 2055.3 2054.08 2064.67 2069.69 2082.49 2069.07 2050.13 2044.97 2034.49 2069.7 2047.86 2029.88 1996.87 1981.75 1972.24 1969.41 1961.45 1954.75 1956.84 1975.46
2253.36 2258.02 2277.42 2274.88 2254.89 2258.94 2263.1 2248.07 2263.51 2260.77 2259.33 2257.13 2245.3 2221.08 2214.92 2207.91 2198.86 2191.95 2187.81 2179.72 2175.35 2169.4 2164.24 2159.13 2150.53 2144.26 2140.55 2135.53 2128.38 2122.52 2116.8 2109.47 2105.21 2102.87 2108.82 2116.25 2109.14 2104.52 2094.31 2092.67 2085.7 2079 2076.39 2068.25 2065.63 2062.51 2060.6 2055.93 2049.39 2060.08 2060.67 2068.54 2080.95 2062.72 2055.44 2074.2 2080.26 2074.63 2055.7 2029.1 2002.64 1977.61 1965.91 1957.71 1954.19 1971.62 1986.19
2223.72 2227.16 2243.73 2249.82 2238.21 2239.1 2246.26 2225.87 2249.56 2255.4 2251.32 2238.99 2237.47 2241.43 2238.99 2227.8 2218.63 2213.87 2190.77 2200.41 2201.67 2196.53 2174.34 2175.46 2161.81 2154.61 2145.19 2138.45 2131 2122.76 2117.81 2115.42 2109.65 2100.58 2097.47 2101.02 2105.2 2097.06 2091.16 2085.57 2083.9 2074.4 2075.78 2068.88 2069.26 2065.43 2057.74 2050.11 2047.71 2065.42 2073.63 2074.91 2078.76 2080.66 2085.71 2083.61 2080.61 2074.49 2048.43 2020.51 1997.71 1976.8 1965.46 1955.88 1952.66 1975.53 1999.04
2235.92 2215.37 2225.26 2220.43 2233.38 2218.89 2223.22 2214.82 2236.64 2268.6 2255.99 2256.5 2262.05 2250.92 2234.63 2224.86 2207.21 2202.21 2219.33 2224.93 2216.11 2200.9 2181.68 2158.4 2152.01 2156.58 2146.78 2140.98 2135.52 2129.26 2120.38 2116.05 2110 2107.55 2099.13 2092.83 2098.54 2097.66 2092.25 2087.3 2079.02 2074.57 2066.5 2064.65 2057.57 2056.32 2054.69 2047.89 2045.08 2055.53 2071.07 2075.4 2078.43 2084.7 2071.23 2079.7 2077.6 2067.75 2042.05 2023.1 1996.03 1980.18 1966.74 1954.06 1955.96 1986.24 2013.33
2227.21 2202.98 2212.41 2204.25 2215.73 2215.97 2210.98 2222.79 2226.62 2272.3 2273.69 2270.23 2252.9 2243.59 2227.83 2219.5 2224.02 2218.43 2228.21 2210.37 2183.32 2176.43 2182.13 2165.71 2146.25 2137.54 2133.92 2126.85 2122.28 2117.34 2106.23 2102.17 2097.54 2100.16 2099.2 2094.22 2087.77 2084.78 2080.72 2078.94 2073.7 2071.23 2077.65 2074.04 2064.31 2058.21 2053.34 2048.22 2042.84 2048.2 2068.27 2063.77 2073.18 2062.64 2074.56 2078.58 2072.14 2047.94 2021.32 2006.25 2020.2 1978.01 1962.64 1951.51 1950.52 2008.25 2014.25
2205.72 2194.17 2195.84 2194.86 2196.79 2206.5 2197.47 2211.33 2218.68 2236.9 2250.29 2247.93 2251.26 2235.93 2219.48 2208.34 2206.14 2210.28 2208.41 2200.94 2190 2169.26 2155.7 2148.45 2139.91 2133.15 2126.46 2118.62 2113.49 2107.31 2100.4 2094.72 2089.3 2087.47 2085.85 2084.8 2092.63 2091.53 2085.21 2081.9 2083.06 2084.58 2085.08 2077.46 2066.87 2062.9 2059.92 2055.17 2040.97 2046.55 2056.49 2053.55 2064.45 2056.11 2058.2 2036.94 2046.86 2018.47 2020.79 2013.55 1986.86 1977.58 1963.06 1954.27 1948.28 1977.93 2012.07
2223.03 2189.63 2182.05 2191.54 2197.49 2184.83 2196.21 2220.9 2234.23 2223.47 2234.73 2241.87 2238.7 2230.35 2216.05 2210.43 2197.87 2215.97 2218.03 2206.13 2195.65 2188.36 2170.84 2154.96 2149.6 2137.86 2131.15 2123.44 2118.8 2114.55 2108.53 2100.64 2093.91 2087.16 2079.53 2076.43 2078 2080.72 2080.21 2078.17 2084.93 2082.89 2073.84 2074.88 2067.71 2062.64 2052.96 2046.35 2037.72 2040.81 2048.83 2057.08 2070.51 2067.88 2092.77 2060.54 2014.65 2006.52 1996.24 1990.42 1987.64 1981.81 1966.02 1955.24 1949.52 1951.22 1999.89
2231.38 2216.74 2182.54 2177.77 2184.95 2180.19 2196.51 2225.61 2210.24 2210.2 2220.55 2228.31 2233.74 2221.27 2209.35 2212.93 2198.94 2188.64 2193.58 2193.93 2190.68 2173.41 2160.42 2149.05 2138.32 2127.15 2119.67 2112.97 2106.87 2103.14 2107.88 2109.18 2102.05 2095.81 2088.07 2080.2 2074.45 2068.58 2065.72 2065.78 2077.9 2077.3 2067.4 2072.85 2069.15 2064.93 2058.36 2051.32 2037.38 2034.9 2071.77 2072.57 2080.34 2109.81 2140.51 2096.29 2054.48 2043.51 2039.42 2018.94 1996.67 1985.8 1967.11 1959.72 1951.82 1948.11 1960.73
2209.87 2195.39 2181.56 2163.79 2168.89 2184.53 2204.7 2207.16 2195.95 2234.9 2213.47 2213.44 2207.78 2201.92 2198.49 2204.48 2204.58 2202.35 2188.08 2178.37 2169.76 2164.54 2157.46 2144.35 2135.82 2129.61 2119.29 2115.06 2107.34 2099.89 2094.35 2095.24 2088.67 2086.57 2080.99 2078.36 2080.33 2075.23 2065.86 2059.04 2060.23 2059.6 2056.6 2058.79 2057.71 2061.15 2055 2049.08 2035.61 2032.36 2043.9 2089.68 2108.58 2122.17 2135.13 2108.66 2091.49 2081.61 2057.04 2022.66 2016.62 1990.01 1972.65 1961.81 1951.08 1946.46 1948.54
2187.72 2187.12 2178.16 2157.46 2171.58 2183.73 2213.11 2184.79 2197.84 2205.32 2201.21 2224.2 2214.11 2207.76 2199.49 2187.99 2208.6 2217.15 2210.24 2197.24 2181.05 2175.88 2165.93 2149.04 2134.88 2132.29 2131.11 2122.49 2115.35 2111.67 2105.3 2097.07 2091.41 2084.24 2078.5 2072.82 2072.14 2071.98 2067.44 2062.7 2056.94 2055.47 2047.59 2050.26 2046.94 2049.49 2057.21 2051.24 2040.6 2027.92 2028.3 2054.23 2112.35 2122.97 2112.87 2078.5 2061.12 2064.2 2052.41 2012.33 2006.8 1981.59 1974.67 1956.49 1950.42 1947.03 1954.67
2170.39 2173.66 2160.26 2149.62 2159.76 2177.52 2193.55 2176.1 2179.69 2181.17 2188.9 2219.68 2221.88 2212.56 2195.06 2191.39 2191.39 2209.34 2198.26 2186.56 2169.22 2171.91 2152.72 2150.07 2139.56 2130.18 2125.08 2119.8 2118.12 2114.31 2109.79 2111.44 2098.51 2090.87 2079.85 2073.16 2067.49 2062.56 2059.37 2055.53 2054.15 2049.13 2048.2 2043.68 2040.61 2038.94 2038.75 2041.1 2044.55 2028.28 2023.26 2031.94 2062.95 2080.24 2072.07 2038.41 2030.49 2034.86 2023.3 2009.53 1977.22 1964.56 1954.15 1950.37 1948.65 1944.36 1946.56
2156.6 2157.1 2144.31 2148.12 2166.32 2171.94 2173.85 2166.22 2169.66 2187.21 2210.22 2207.27 2203.79 2198.68 2187.86 2183.32 2175.63 2193.22 2184.63 2172.02 2170.43 2151.84 2147.96 2142.75 2131.11 2122.73 2117.28 2110.93 2106.19 2102.4 2097.54 2101.34 2102.83 2093.49 2087.1 2081.85 2078.31 2074.23 2066.73 2062.35 2061.23 2056.31 2051.47 2043.53 2041.89 2038.8 2033.85 2029.99 2028.06 2026.1 2024.7 2034.93 2027.49 2011.2 2002.8 1996.34 2008.01 2007.97 1999.4 1976.03 1966.1 1958.41 1957.58 1958.87 1966.71 1946.47 1945.25
2136.88 2149.18 2134.12 2146.71 2154.31 2163.2 2165.78 2157.42 2174.88 2202.14 2213.5 2210.62 2209.81 2206.47 2202.69 2193.32 2181.68 2173.8 2169.03 2162.43 2156.3 2156.07 2148.41 2136.76 2131.54 2129.68 2125.11 2113.88 2107.88 2102.16 2096.19 2091.1 2092.52 2095.49 2095.43 2087.56 2083.46 2078.14 2074.79 2070.9 2065.7 2054.16 2047.93 2049.06 2051.16 2049.96 2048.56 2036.38 2030.86 2034.48 2038.19 2069.04 2023.74 2020.85 2040.61 2017.22 1986.35 1982.73 1980.67 1992.36 1984.18 1971.29 1984.53 1990.21 1987.35 1975.52 1954.67
2138.58 2140.6 2128.5 2134.24 2141.29 2146.19 2145.89 2162.3 2181.17 2196.43 2225.38 2208.21 2199.2 2195.75 2214.31 2207.5 2193.34 2187.93 2179.56 2175.94 2171.89 2168.03 2158.59 2147.72 2148.53 2132.52 2122.99 2125.34 2111.84 2103.65 2096.84 2091.44 2084.59 2090.12 2088.72 2082.49 2080.42 2073.95 2062.48 2057.92 2054.43 2053.58 2061.05 2062.23 2057.49 2049.93 2044.15 2038.1 2037.94 2042.13 2044.45 2079.94 2052.55 2035.62 2053.41 2048.16 2032.23 2033.11 2020.51 2036.65 2022.84 1996.28 2016.66 1996.36 1992.28 1985.08 1944.58
2126.57 2121.9 2126.27 2145.46 2133.52 2133.99 2144.39 2158.33 2169 2179.07 2213.72 2202.71 2187.61 2184.44 2207.34 2191.95 2187.47 2189.09 2189.38 2180.85 2165.06 2153.57 2144.9 2132.95 2132.63 2136.67 2129.48 2126.65 2120.6 2111.75 2103.42 2093.55 2085.04 2078.74 2079.93 2071.25 2067.73 2063.59 2061.32 2065.92 2061.11 2062.96 2064.92 2063.69 2057.88 2053.29 2044.15 2037.9 2041.89 2053.07 2050.61 2073.97 2065.38 2081.12 2118.56 2131.26 2120.36 2111.57 2078.45 2081.79 2074.61 2032.26 2049.32 2025.91 2004.04 1987.12 1954.76
2129.93 2113.75 2127.93 2146.31 2126.81 2129.93 2140.87 2163.05 2162.1 2186.31 2200.27 2191.6 2181.52 2178.73 2212.83 2205.89 2198.99 2187.03 2176.53 2161.97 2154.16 2149.49 2140.71 2135.82 2126.69 2117.09 2113.27 2109.06 2112.3 2104.38 2098.08 2097.54 2091.24 2087.03 2076.68 2075.08 2075.5 2076.39 2077.48 2069.28 2073.71 2075.39 2073.57 2066.58 2054.12 2047.56 2048.16 2054.29 2047.68 2060.95 2068.85 2083.24 2110.88 2145.35 2175.85 2160.59 2175.04 2158.67 2145.36 2136.4 2119 2093.51 2091.85 2068.87 2017.06 2003.4 1967
2106.29 2111.15 2140.35 2124.93 2120.88 2128.65 2139.77 2149.31 2151.67 2168.78 2201.95 2169.37 2176.79 2172.56 2203.34 2189.75 2188.08 2175.35 2174.34 2169.94 2151.09 2140.15 2137.73 2131.77 2128.02 2123.79 2120.04 2113.59 2105.53 2105.64 2098.85 2090.01 2086.84 2083.75 2083.3 2087.32 2091.85 2086.16 2082.11 2089.25 2089.06 2078.2 2069.11 2068.63 2058.11 2056.51 2058.94 2058.48 2062.04 2074.7 2080.07 2119.8 2156.11 2191.4 2175.05 2176.69 2190.83 2150.04 2132.65 2133.32 2142.61 2119.85 2101.82 2081.79 2051.95 2018.98 1981.24
2098.84 2114.65 2120.24 2111.95 2118.12 2121.1 2132.65 2137.16 2149.22 2163.83 2188.27 2154.7 2176.2 2166.36 2192.69 2184.22 2172.95 2179.64 2161.1 2158.78 2143.43 2131.33 2133.65 2118.9 2120.73 2132.42 2136.65 2126.2 2119.71 2116.69 2105.29 2097.31 2097.27 2098.54 2093.51 2105.72 2110.42 2093.7 2108.42 2105.05 2098.03 2082.3 2074.29 2065.24 2054.6 2061.19 2068.56 2067.08 2081.11 2077.13 2116.29 2154.46 2190.27 2178.87 2183 2192.35 2187.16 2147.23 2110.01 2083.36 2085.29 2087.1 2106.76 2118.24 2083.02 2049.72 2011.69
2096.16 2117.63 2109.74 2103.54 2113.36 2117.33 2130.58 2140.36 2152.71 2184.14 2163.34 2144.19 2173.56 2170.04 2164.15 2174.96 2180.33 2163.84 2155.24 2146.84 2136.7 2126.24 2122.44 2118.03 2110.07 2115.4 2117.49 2118.11 2112.57 2115.98 2115.05 2111.3 2110.73 2113.67 2109.62 2104.86 2118.79 2118.21 2117.5 2098.14 2093.3 2079.24 2074.36 2060.44 2071.17 2064.49 2083.64 2084.13 2088.28 2105.25 2140.73 2193.05 2180.95 2167.39 2157.72 2159.33 2135.6 2111.38 2093.92 2067.07 2062.2 2075.12 2096.46 2121.55 2100.22 2090.3 2058.01
2103.25 2098.99 2092.66 2103.2 2106.59 2112.3 2121.43 2135.29 2156.2 2172.83 2145.9 2149.42 2173.83 2167.19 2158.65 2152.07 2149.83 2144.91 2143.29 2135.07 2130.38 2122.03 2115.52 2110.09 2105.46 2103.75 2104.59 2100.53 2102.16 2104.75 2104.33 2106.74 2104.08 2110.41 2116.84 2114.31 2104.2 2099.29 2096.97 2099.73 2098 2089.15 2071.33 2070.86 2077.2 2074.31 2085.56 2106.78 2139.34 2164.87 2202.94 2187.63 2159.78 2160.45 2138.17 2121.96 2127.14 2087.72 2070.78 2058.09 2046.06 2048.1 2064.42 2079.22 2067.75 2061.97 2055.55
2091 2084.63 2093.01 2102.58 2097.53 2107.37 2128.39 2148.24 2168.2 2138.27 2128.99 2138.35 2153.64 2163.01 2169.71 2164.5 2157.09 2146.65 2138.04 2130.4 2128.08 2121.8 2115.89 2109.82 2104.76 2099.1 2093.93 2091.31 2090.9 2090.04 2087.36 2095.32 2087.31 2091.83 2104.34 2116.62 2105.49 2106.49 2096.34 2092.21 2080.11 2074 2072.38 2081.09 2084.33 2086.17 2093.22 2127.52 2176.91 2201.4 2175.98 2162.92 2138.9 2132.07 2098.32 2114.32 2100.12 2084.57 2059.01 2047.93 2044.32 2024.3 2020.72 2035.92 2047.07 2025.01 2005.46
2094.27 2074.98 2086.2 2095.75 2092.89 2101.13 2115.31 2122.57 2147.47 2118.12 2132.58 2131.96 2148.02 2176.04 2169.04 2160.3 2158.61 2156.71 2149.44 2134.02 2110.34 2117.67 2123.91 2102.06 2096.03 2108.49 2107.11 2095.68 2089.34 2085.07 2077.49 2079.11 2077.6 2077.99 2089.23 2083.38 2090.07 2082.87 2102.08 2100.9 2093.85 2086.78 2086.84 2087.3 2100.88 2114.91 2142.44 2164.88 2187.28 2153.39 2147.56 2124.76 2122.67 2112.08 2102.18 2090.82 2067.02 2058.56 2046.75 2058.05 2057.34 2037.53 2012.87 2005.79 2001.22 1999.81 1993.55
2080.12 2070.26 2080.31 2081.94 2090.33 2097.81 2128.43 2112.29 2129.95 2113.41 2117.77 2135.61 2155.09 2179.89 2174.86 2167.73 2162.92 2136.61 2120.33 2112.11 2096.47 2103.76 2087.99 2081.44 2077.18 2090.05 2113.07 2110.14 2103.54 2103.43 2093.22 2077.06 2072.3 2068.08 2073.32 2073.03 2070.72 2074.25 2096.17 2099.31 2100.61 2089.23 2091.02 2104.02 2127.27 2163.26 2195.55 2180.92 2184.51 2185.29 2169.68 2175.02 2164.58 2153.21 2114.34 2104.53 2096.93 2077.63 2053.85 2042.79 2044.31 2031.49 2039.6 2029.59 2019.03 2017.54 2018.02
2065.11 2064.23 2072.06 2073.14 2079.3 2092.88 2108.55 2099.47 2115.51 2114.57 2115.41 2127.15 2153.58 2176.89 2179 2168.44 2140.77 2126.79 2124.67 2101.37 2095.9 2079.42 2071.26 2067.77 2082.05 2099.96 2111.41 2104.92 2099.61 2091.85 2089.57 2085.03 2078.92 2072.92 2062.01 2058.02 2055.43 2066.86 2069.44 2094.16 2084.69 2093.52 2093.23 2105.96 2145.47 2199.16 2209.82 2211.03 2219.12 2211.01 2202.38 2187.08 2175.33 2131.41 2102.96 2080.02 2083.88 2079.17 2084.72 2084.8 2063.44 2063.33 2036.97 2064.92 2060.2 2034.09 2046.45
2054.66 2057.67 2072.7 2066.45 2073.48 2079.5 2085.85 2086.33 2092.98 2104.48 2115.25 2136.29 2175.35 2157.65 2172.75 2157.29 2127.82 2114.43 2112.47 2102.27 2083.77 2071.29 2069.11 2067.79 2071.56 2080.09 2103.77 2108.85 2107.22 2110.29 2102.49 2090.37 2084.07 2080.57 2072.58 2068.66 2055.46 2056 2071.7 2082.88 2067.76 2073.48 2087.9 2118.53 2166.62 2238.41 2248.72 2254.69 2269.82 2268.16 2243.23 2212.96 2174.33 2137.42 2119.99 2084.67 2074.83 2103.72 2082.78 2062.87 2045.52 2037.06 2061.25 2050.8 2033.85 2035.43 2045.93
2048.6 2053.58 2064.48 2060.11 2069.54 2087.35 2076.5 2083.65 2094.76 2124.1 2131.24 2130.26 2159.64 2148.92 2160.5 2141.65 2132.6 2112.3 2090.19 2082.58 2068.64 2060.38 2055.23 2056.67 2064.01 2066.87 2059.72 2074.44 2074.24 2110.05 2110.9 2103.47 2085.02 2087.07 2090.52 2075.56 2061.19 2047.26 2058.89 2055.23 2075.4 2097.62 2103.43 2132.77 2210.22 2261.74 2275.46 2288.91 2305.66 2328.41 2301.69 2259.65 2187.08 2176.66 2166.7 2120.46 2052.91 2054.43 2050.6 2054.53 2030.35 2053.2 2040.81 2034.86 2009.35 2020.97 2030.93
