models/data/gisElevation.asc
NCOLS 320
NROWS 240
XLLCORNER -11856052.511874
YLLCORNER 4317423.928
CELLSIZE 191.312255
NODATA_VALUE NaN
[rows 0 to 29 of 240, columns 201 to 267 of 320]
2461.72 2455.36 2446.6 2439.18 2429.17 2438.7 2418.65 2479.81 2489.08 2512.81 2511.19 2505.29 2494.44 2474.43 2443.41 2418.83 2404.47 2447.18 2444.07 2436.64 2418.53 2404.26 2413.44 2446.02 2432.28 2399.56 2384.34 2372.12 2366.48 2361.03 2358.53 2346.03 2351.26 2350.45 2324.06 2309.7 2301.59 2284.84 2290.76 2286.1 2321.48 2358.31 2361.42 2320.57 2267.24 2237.31 2194.67 2146.3 2166.28 2185.46 2215.98 2251.15 2303.88 2368.36 2413.33 2448.87 2408.15 2375.55 2343.61 2376.1 2367.28 2334.34 2346.14 2340.13 2324.03 2292.83 2315.57
2471.98 2461.2 2450 2448.57 2440.6 2425.9 2433.65 2439.98 2460.28 2494.41 2529.98 2561.07 2570.36 2525.27 2474.68 2439.46 2425.06 2421.72 2450.57 2447.65 2431.13 2420.1 2407.78 2421.9 2449.97 2420.87 2401.09 2384.51 2376.55 2369.13 2364.5 2359.48 2360.92 2383.28 2350.5 2353.18 2331.67 2311.82 2305.22 2290.6 2307.22 2343.75 2394.43 2375.12 2323.54 2270.4 2209.9 2150.68 2177.93 2174.25 2190.5 2216.94 2271.6 2331.91 2379.12 2425.85 2439.93 2420.33 2373.94 2333.75 2338.85 2328.47 2308.82 2323.18 2338.9 2295.69 2306.83
2472.32 2473.05 2461.8 2447.76 2436.5 2426.63 2428.69 2451.02 2462.64 2475.91 2500.8 2527.05 2558.48 2581.7 2505.63 2458.38 2439.15 2425.93 2438.46 2455.44 2443.02 2431.95 2418.92 2420.44 2440.82 2468.72 2420.71 2404.09 2395.95 2386.45 2380.92 2372.9 2366.69 2385.4 2393.41 2360.39 2382.37 2345.69 2328.38 2314.18 2307.11 2326.74 2371.2 2404.25 2363.51 2295.21 2234.13 2146.64 2146.69 2159.65 2177.49 2199.55 2231.42 2287.46 2333.02 2386.77 2426.93 2417.35 2392.89 2371.89 2331.71 2323.38 2309.51 2288.75 2288.49 2278.28 2299.21
2452.7 2447.71 2445.73 2447.67 2435.61 2436.14 2442.24 2438.05 2471 2479.73 2500.97 2529.59 2569.05 2601 2537.21 2482.81 2456.61 2440.19 2429.51 2448.86 2450.48 2442.17 2431.43 2442.15 2450.35 2462.72 2442.28 2425.23 2417.22 2423.47 2402.33 2388.19 2378.3 2404.88 2433.64 2385.29 2396.81 2394.33 2357.84 2343.15 2332.81 2324.41 2346.94 2381.79 2351.81 2288.9 2236.53 2194.03 2150.49 2167.19 2164.4 2176.66 2211.63 2246.05 2303.13 2349.46 2386.86 2405.74 2424.76 2395.41 2366.72 2330.46 2321.72 2310.9 2287.89 2297.93 2311.31
2467.58 2469.09 2468.59 2451.53 2442.11 2460.11 2459.67 2445.3 2442.77 2477.77 2502.82 2532.76 2571.27 2605.23 2589.08 2516.81 2478.7 2458.63 2446.69 2436.71 2450.74 2445.94 2453.14 2481.44 2481.73 2491.7 2491.32 2458.63 2450 2448.65 2428.32 2408.69 2400.16 2401.76 2414.96 2417.03 2403.28 2444.7 2415.56 2401.78 2373.53 2347.31 2346.5 2385.9 2352.12 2299.33 2250.18 2200.63 2144.9 2152.79 2151.25 2166.3 2188.06 2214.79 2266.76 2307.3 2334.22 2372.66 2396.23 2373.32 2361.96 2337.32 2315.5 2292.08 2289.6 2268.26 2296.7
2487.09 2474.15 2455.67 2455.03 2451.12 2487.01 2476.76 2456.99 2454.09 2453.21 2486.97 2516.05 2540.34 2579.95 2602.29 2555.22 2496.96 2475.05 2464.93 2453.63 2445.79 2452.64 2448.23 2470.23 2493.89 2517.46 2530.38 2529.16 2511.6 2492.52 2474.87 2438.67 2426.43 2433.78 2430.76 2453.81 2424.19 2441.44 2475.8 2468.32 2432.91 2371.67 2378.89 2381.28 2375.14 2328.01 2278.2 2244.72 2181.07 2133.81 2143.36 2153.41 2170.24 2191.88 2236.4 2263.43 2338.08 2381.78 2391.31 2371.72 2351.83 2325.72 2306.65 2308.84 2282.24 2276.77 2259.83
2468.05 2472.17 2456.26 2469.9 2470.22 2479.66 2494.35 2474.73 2458.97 2465.79 2467.97 2499.03 2525.04 2549.91 2561.7 2572.28 2534.91 2511.2 2486.09 2472.85 2466.83 2462.12 2453.51 2455.33 2471.3 2488.3 2515.6 2554.1 2571 2549.87 2505.14 2479.05 2458.32 2468.93 2457.05 2491.35 2468.62 2453.43 2472.73 2505.97 2462.53 2401.21 2410.32 2373.86 2332.05 2300.5 2254 2224.66 2183.34 2148.2 2124.73 2145.95 2155.71 2189.44 2211.71 2261.23 2324.04 2395.08 2419.95 2396.17 2374.88 2356.73 2341.17 2323.82 2306.77 2285.49 2267.35
2489.14 2478.27 2471.88 2499.19 2510.61 2507.35 2498.2 2481.57 2468.63 2477.14 2464.24 2485.01 2504.63 2523.3 2548.11 2583.21 2599.02 2554.45 2519.5 2497.32 2488.55 2482.18 2471.79 2461.43 2461.73 2469.3 2488.98 2510.83 2532.34 2540.09 2549.32 2533.59 2518.99 2506.7 2498.38 2492.99 2520.93 2508.33 2490.52 2502.1 2464.08 2443.02 2419.86 2377.21 2318.37 2266.84 2234.16 2206.59 2180.19 2129.99 2123.91 2145.22 2152.12 2154.35 2195.6 2224.2 2288.75 2348.11 2412.52 2425.14 2410.17 2383.78 2359.32 2344.77 2326.7 2301.69 2269.9
2486.55 2478.42 2492.79 2520.57 2515.2 2501.8 2490.89 2480.85 2473.96 2483.3 2467.65 2478.77 2494.39 2517.11 2547.5 2590.17 2626.63 2610.55 2555.51 2528.36 2514.66 2505.64 2494.72 2484.04 2475.99 2485.67 2498.35 2511.91 2525.23 2543.52 2561.78 2572.86 2579.41 2554.63 2545.67 2525.22 2528.75 2545.32 2530.78 2523.3 2519.34 2494.72 2468.11 2417.36 2370.5 2314.1 2253.09 2227.72 2185.3 2162.37 2192.85 2184.28 2144.98 2145.04 2161.33 2194.17 2238.23 2298.18 2366.47 2383.24 2379.72 2368.62 2355.54 2330.36 2324.62 2310.68 2268.4
2502.53 2484.56 2500.02 2516.9 2508.42 2503.16 2495.05 2481.33 2480.88 2484.2 2470.06 2470.42 2489.03 2503.45 2527.3 2560.39 2596.68 2623.78 2612.9 2582.14 2562.11 2563.33 2533.86 2507.94 2495.92 2507.99 2529.43 2524.14 2545.3 2573.44 2591.24 2602.65 2626.48 2616.74 2592.67 2581.88 2549.46 2557.06 2588.27 2568.33 2542.2 2543.23 2511.98 2448.49 2389.83 2322.95 2280.54 2245.73 2195.5 2114.9 2195.75 2166.07 2116.6 2130.4 2140.45 2186.83 2248.21 2264.25 2322.24 2350.24 2350.23 2329.31 2308.79 2300.13 2291.36 2301.72 2260.18
2501.67 2502.91 2506.2 2509.18 2506.64 2499.1 2493.94 2489.51 2489.66 2486.4 2474.97 2467.8 2481.52 2491.21 2510.67 2536.2 2564.42 2601.13 2646.03 2648.82 2635.66 2633.05 2592.19 2545.98 2518.36 2522.46 2562.19 2562.44 2568.36 2589.21 2622.13 2665.79 2671.96 2686.46 2654.26 2624.83 2581.21 2591.07 2570.81 2533.89 2500.05 2490.35 2504.62 2459.54 2403.83 2373.86 2325.31 2269.7 2256.48 2154.69 2109.82 2105.99 2107.98 2104.52 2111.72 2145.08 2198.27 2221.07 2266.88 2328.02 2363.96 2352.78 2331.71 2306.01 2286.1 2268.14 2254.46
2484.65 2495.53 2501.55 2501.98 2500.06 2495.4 2491.32 2487.79 2486.03 2484.85 2478.36 2469.02 2476.18 2482.78 2501.3 2524.79 2563.04 2601.88 2643.99 2653.8 2636.86 2642.17 2622.93 2578.35 2527.86 2521.2 2547.7 2576.25 2617.15 2628 2643.98 2632.18 2646.32 2653.28 2670.6 2643.18 2594.25 2609.03 2566.58 2501.53 2461.78 2440.7 2453.31 2470.88 2449.6 2410.31 2343.41 2317.6 2312.1 2254.35 2239.08 2184.76 2128.18 2099.83 2095.3 2105.53 2158.08 2201.26 2261.5 2321.72 2371.3 2365.09 2343.71 2317.86 2295.82 2274.33 2266.11
2486.43 2499.21 2500.58 2499.85 2495.36 2492.67 2489.58 2486.24 2482.66 2479.77 2477.76 2470.17 2481 2489.39 2498.3 2519.08 2545.39 2581.38 2612.59 2592.95 2580.36 2578.31 2567.79 2560.75 2524.87 2505.61 2519.82 2546.87 2582.84 2595.19 2585.65 2579.73 2592.26 2610.22 2630.44 2601.39 2556.89 2559.85 2582.54 2521.65 2456.01 2401.2 2405.74 2434.39 2451.74 2430.26 2394.48 2386.8 2361.55 2287.39 2241.66 2199.92 2142.48 2119.7 2089.67 2091.25 2135.57 2195.23 2235.23 2302.83 2342.04 2330.67 2328.25 2310.62 2279.48 2262.79 2256.98
2495.14 2530.64 2514.97 2506.94 2497.14 2490.9 2487.6 2485.13 2482.91 2477.19 2475.72 2477.27 2488.45 2488.15 2503.7 2536.32 2540.58 2563.16 2553.35 2535.32 2529.44 2524.11 2520.89 2520.2 2503.22 2485.26 2499.76 2519.98 2541.63 2545.87 2544.09 2557.36 2574.17 2599.86 2617.17 2574.67 2525.82 2509.61 2542.57 2519.13 2451.93 2389.53 2338.29 2378.03 2391.55 2385.27 2367.12 2382.5 2387.31 2311.03 2241.24 2201.82 2152.29 2126.32 2111.56 2092.59 2106.49 2181.78 2241.03 2266.45 2320.83 2322.28 2303.81 2273.87 2262.45 2255.5 2245.48
2489.93 2529.8 2543.72 2527.85 2515.03 2502.35 2489.17 2486.64 2487.65 2496.23 2492.5 2501.51 2508.32 2504.99 2510.9 2518.84 2508.57 2510.67 2507.76 2503.5 2500.41 2494.17 2490.73 2488.19 2479.77 2475.48 2484.74 2496.24 2508.43 2514.55 2534.28 2565.44 2588.95 2615.9 2606.11 2537.5 2497.88 2476.76 2505.32 2487.76 2431.92 2370.97 2295.65 2317.53 2324.39 2324.39 2308.7 2332.1 2366.06 2309.16 2247.44 2213.23 2176.09 2136.96 2112.2 2091.04 2088.95 2153.71 2193.99 2231.33 2303.49 2312.11 2294.61 2276.1 2251.96 2246.25 2240.2
2490.12 2515.29 2561.43 2560.91 2551.58 2524.67 2506.84 2491.17 2486 2499.8 2515.9 2531.1 2555.64 2527.51 2508.45 2489.57 2480.68 2473.76 2471.7 2475.97 2477.5 2468.86 2467.47 2466.49 2469.39 2474.98 2480.11 2485.18 2494.19 2512.54 2545.72 2599.53 2641.72 2641.54 2575.63 2508.05 2457.61 2417.76 2447.96 2454.06 2403.38 2336.59 2279.47 2258.88 2260.38 2268.19 2259.02 2299.14 2292.18 2299.31 2281.79 2237.85 2192.34 2154.07 2109.73 2088.62 2082.21 2132.95 2189.03 2252.55 2299.24 2309.83 2308.03 2281.66 2251.94 2233.08 2230.87
2502.19 2520.33 2553.93 2595.73 2600.91 2580.01 2539.5 2506.31 2487.09 2500.18 2520.11 2519.18 2515.54 2500.61 2482.66 2470.01 2457.17 2451.84 2454.98 2457.17 2457.27 2459.92 2462.68 2465.77 2470.31 2473.66 2477.84 2481.13 2485.53 2505.18 2538.9 2579.97 2616.93 2621.24 2550.18 2478.68 2406.01 2365.57 2370.06 2377.64 2363.87 2338.13 2266.07 2228.49 2227.31 2221.21 2224.5 2228.95 2232.53 2253.26 2289.23 2242.21 2199.93 2173.57 2119.81 2085.98 2080.28 2110.18 2163.39 2232.45 2273.46 2296.89 2279.58 2275.47 2247.15 2227.5 2227.34
2480.72 2516.67 2545.94 2581.43 2620.4 2612.87 2585.22 2539.24 2490.41 2506.95 2495.76 2489.55 2482.73 2473.03 2461.38 2452.08 2448.07 2458.93 2466.86 2474.55 2474.99 2467.64 2462.85 2464.44 2468.22 2471.21 2474.56 2477.2 2491.02 2509.43 2532.01 2554.54 2575.13 2589.5 2541.9 2482.57 2401.53 2328.52 2304.91 2305.66 2300 2284.06 2243.01 2216.52 2215.54 2209.4 2203.21 2196.14 2205.51 2250.84 2256.73 2268.46 2196.22 2163.77 2115.01 2094.46 2077.37 2089.46 2136.76 2203.78 2259.11 2288.51 2282.17 2261.19 2243.04 2234.07 2215.42
2465.2 2494.01 2537.71 2570.17 2588.58 2564.71 2534.04 2507.1 2476.59 2490.55 2481.18 2470.81 2460.62 2453.19 2442.7 2443.05 2454.38 2471.68 2481.02 2496.42 2500.56 2488.7 2477.65 2469.76 2467.97 2468.45 2469.38 2487.54 2510.52 2537.76 2552.83 2569.53 2586.97 2594.89 2542.32 2472.87 2416.52 2350.3 2295.8 2266.41 2253.13 2241.42 2222.19 2206.5 2202.84 2201.73 2194.99 2188.54 2194.47 2199.11 2224.67 2248.45 2180.47 2139.45 2110.49 2095.41 2074.32 2083.7 2119.82 2183.97 2235.16 2278 2272.08 2266.65 2240.15 2224.13 2224.88
2455.67 2479.12 2508.9 2544.38 2565.04 2531.14 2505.76 2484.4 2460.71 2466.17 2478.99 2473.97 2449.63 2436.33 2447.62 2454.62 2466.6 2489.68 2503.51 2508.25 2539.22 2514.83 2495.56 2489.66 2482.56 2468.43 2477.93 2500.48 2541.54 2579.54 2602.97 2589.07 2609.27 2622.58 2597.79 2537.45 2482.46 2393.83 2313.01 2266.12 2241.15 2228.98 2215.75 2202.1 2192.87 2190.49 2189.16 2185.46 2181.27 2182.92 2193.72 2216.6 2170.74 2140.27 2104.91 2096.03 2074.57 2076.04 2095.72 2145.98 2223.6 2258.76 2253.29 2264.21 2246.48 2231.34 2213.83
2468.53 2471.44 2492.27 2519.28 2535.06 2512.1 2489.68 2467 2447.45 2435.25 2465.79 2443.58 2435.18 2462.06 2468.82 2471.44 2490.68 2515.12 2533.19 2539.86 2541 2560.42 2530.75 2515.96 2500.2 2481.33 2480.64 2517.66 2552.07 2568.1 2547.71 2534.71 2546.9 2554.37 2568.14 2519.95 2472.85 2402.27 2328.88 2272.99 2231.64 2219.46 2208.69 2197.49 2188.97 2181.3 2181.32 2179.56 2175.21 2174.49 2174.18 2176.01 2166.23 2149.08 2106.69 2090.89 2071.16 2070.03 2081.57 2140.37 2187.54 2226.26 2262.63 2272.18 2249.1 2226.99 2210.43
2494.98 2486.22 2489.83 2507.68 2528.79 2510.98 2489.5 2470.27 2454.23 2436.75 2424.83 2440.22 2466.62 2488.32 2495.55 2495.13 2501.96 2544.1 2569.68 2565.21 2563.72 2572.98 2571.46 2563.39 2544.87 2489.73 2481.92 2510.94 2540.83 2519.97 2485.22 2478.91 2494.85 2504.14 2526.82 2479.65 2420.91 2378.41 2336.93 2265.96 2222.39 2206.81 2198.17 2190.34 2182.46 2176.37 2172.19 2172.9 2171.18 2168.9 2168.22 2166.93 2165.22 2160.31 2120.03 2095.29 2074.36 2065.98 2072.47 2102 2155.66 2226.13 2282.98 2263.21 2242.72 2224.35 2209.33
2530.33 2512.47 2483.76 2491.51 2515.36 2510.57 2490.26 2466.96 2442.6 2420.35 2433.18 2460.35 2495.99 2530.34 2542.91 2526.86 2523.99 2546.02 2574.83 2574.92 2587.72 2605.17 2566.29 2577.34 2551.81 2483.07 2472.48 2509.49 2519.57 2460.51 2431.46 2430.9 2444.14 2468.36 2468.44 2449.43 2370.82 2321.92 2297.01 2249.73 2207.43 2193.01 2188.13 2181.93 2175.89 2171 2165.02 2166.65 2165.82 2164.5 2164.37 2163.12 2161.79 2159.53 2136.06 2099.45 2086.98 2063.98 2074.48 2133.54 2186.18 2242.34 2270 2239.37 2218.94 2220.84 2209.66
2501.29 2522.29 2473.5 2472.09 2482.94 2485.52 2500.17 2481.68 2445.92 2411.97 2448.31 2481.6 2533.44 2584.04 2612.66 2596.36 2559.67 2555.15 2576.32 2595.32 2560.18 2542.94 2521.09 2524.37 2500.98 2447.36 2445.03 2474.04 2473.7 2428.47 2381.69 2381.55 2408.49 2417.87 2423.51 2395.81 2329.15 2277.57 2245.08 2225.05 2190.68 2181.32 2177.78 2173.94 2169.92 2166.46 2162.39 2157.73 2160.34 2158.6 2160.63 2160.12 2158.56 2156.81 2145.62 2107.32 2110.05 2090.2 2105.18 2170.37 2226.85 2281.08 2265.12 2244.65 2226.13 2202.16 2203.44
2472.74 2486.8 2456.98 2465.69 2456.89 2480.62 2496.27 2483.12 2444.18 2408.84 2442.79 2478.16 2512.86 2532.31 2550.47 2579.35 2605.07 2596.92 2587.88 2594.88 2551.62 2504.1 2469.82 2451.34 2436.11 2402.66 2392.62 2407 2431.93 2384.43 2337.6 2337.24 2351.26 2360.12 2379.55 2326.27 2275.63 2238.94 2211.56 2191.87 2176.8 2171.2 2169.46 2167.28 2164.94 2162.39 2159.34 2155.42 2153.9 2153.48 2156.64 2156.37 2155.67 2154.78 2146.54 2105.06 2154.61 2091.78 2105.5 2207.06 2261.54 2261.8 2244.36 2235.63 2219.87 2193.89 2195.9
2449.32 2458.56 2447.77 2442.6 2442.23 2467.29 2469.78 2454.1 2445.1 2403.73 2433.01 2462.47 2469.24 2485.45 2506.07 2531.21 2564.57 2599.52 2612.38 2607.16 2549.62 2499.78 2462.06 2434.23 2409.37 2370.96 2344.13 2354.67 2378.82 2355.7 2303.63 2293.35 2304.52 2325.05 2304.89 2258.64 2225.87 2205.61 2190.32 2179.43 2169.68 2163.78 2161.23 2158.96 2157.75 2156.99 2154.89 2152.73 2148.15 2149.4 2152.2 2152.72 2152.84 2149.84 2119.89 2093.78 2116.71 2074.86 2131.28 2222.49 2287.44 2270.07 2239.49 2231.12 2216.4 2191.2 2185.54
2407.11 2442.46 2448.1 2429.24 2438.15 2438.36 2460.09 2443.59 2424.64 2408.52 2407.79 2425.34 2445.49 2463.18 2481.65 2504.75 2526.91 2563.21 2581.93 2593.83 2569.99 2519.23 2504.95 2477.38 2438.27 2381.65 2335.74 2312.89 2339.98 2322.04 2279.91 2259.27 2262.52 2285.54 2262.52 2220.9 2190.73 2181.18 2170.31 2166.27 2159.02 2156.05 2154.91 2153.24 2153.86 2152.51 2150.92 2148.37 2138 2148.92 2150.04 2143.52 2145.35 2142.35 2094.86 2078.68 2061.58 2095.18 2183.71 2257.9 2293.32 2270.59 2274.84 2238.18 2203.21 2191.69 2162.38
2405.27 2400.12 2430.13 2436.89 2413.75 2437.11 2444.73 2447.49 2429.24 2395.1 2396.25 2402.88 2420.93 2439.66 2459.56 2479.33 2503.23 2529.65 2559.14 2576.78 2569.95 2543.59 2504.17 2475.22 2444.63 2383.25 2332.72 2287.82 2289.48 2274.49 2253.45 2237.6 2236.34 2255.22 2236.54 2196.81 2185.28 2179.82 2172.19 2167.13 2160.44 2153.16 2145.79 2141.52 2148.28 2148.7 2149.17 2141.69 2131.16 2148.37 2148.53 2148.28 2127.43 2110.19 2096.95 2048.35 2048.12 2091.05 2156.96 2192.13 2268.2 2310.51 2278.47 2235.25 2197.55 2182.4 2164.27
2375.74 2371.85 2377.32 2395.87 2435.88 2407.16 2410.47 2408 2385.15 2392.13 2411.72 2432.04 2420.69 2425.01 2440.08 2468.26 2504.16 2534.22 2557.13 2569.42 2581.49 2517.75 2479.49 2465.52 2448.35 2387.94 2332.26 2298.59 2268.23 2251.89 2242.95 2228.62 2222.82 2227.59 2204.65 2195.78 2188.58 2180.7 2173.05 2166.51 2160.49 2152.59 2146.81 2138.65 2145.04 2147.55 2147.75 2138.32 2135.41 2146 2147.13 2146.38 2144.31 2130.01 2090.09 2054.94 2038.86 2040.84 2072.53 2138.18 2220.17 2294.23 2283.46 2254.49 2210.81 2178.77 2155.8
2334.23 2330.78 2334.22 2400.58 2393.41 2421.45 2410.52 2399.14 2378.25 2410.84 2441.67 2451.26 2443.33 2428.17 2436.54 2459.46 2484.15 2508.83 2537.7 2568.58 2591.34 2503.28 2442.97 2434.08 2427.49 2384.49 2329.73 2289.96 2264.47 2261.73 2240.21 2221.77 2216.2 2209.56 2203.28 2195.3 2187.03 2179.69 2173.65 2167.02 2159.31 2152.45 2145.12 2135.62 2129.59 2138.42 2141.99 2114.19 2142.98 2143.16 2144.08 2144.43 2143.93 2142.79 2111.67 2070.88 2052.53 2045.9 2069.14 2056.44 2151.92 2247.45 2255.79 2276.57 2220.82 2180.94 2153.52
