models/data/gisElevation.asc
NCOLS 320
NROWS 240
XLLCORNER -11856052.511874
YLLCORNER 4317423.928
CELLSIZE 191.312255
NODATA_VALUE NaN
[rows 150 to 179 of 240, columns 67 to 133 of 320]
2040.1 2042.47 2052.55 2071.58 2081.17 2093.29 2007.93 1948.19 1923.07 1957.81 1987.46 2005.03 2029.73 2013.63 2055.76 2037.18 2020.02 2022.86 2050.2 2011.18 1947.28 1945.83 1937.58 1953.68 1930.11 1936.79 1913.58 1897.4 1910.01 1938.45 1944.88 1960.75 1981.14 1978.8 2032.91 2045.59 2079.91 2049.29 2024.24 2065.24 2053.63 2051.86 2011.51 1991.72 1976.88 1982.35 1974.21 2000.35 1965.24 1946.85 1919.69 1934.83 1907.65 1958.67 1966.09 1921.19 1924.73 1922.13 1922.85 1897.62 1892.87 1887.19 1883.46 1881.69 1915.88 1956.75 1996.35
2029.31 2028.08 2046.37 2068.17 2079.18 2048.37 1969.16 1922.95 1920.42 1943.83 1958.04 2001.13 2027.34 2034.02 2035.31 2045.99 2017.15 2013.09 2008.62 2023.76 1993.89 1959.98 1960.47 1977.47 1936.98 1928.03 1926.88 1895.19 1906.49 1940.79 1948.66 1948.88 1950.81 1975.48 2021.16 2033.28 2053.49 2055.47 2017.91 2021.44 2045.32 2029.17 2014.53 1986.17 1973.2 1966.41 1964.82 1976.03 1942.38 1908.82 1904.92 1913.64 1907.29 1955.34 1963.87 1930.46 1889.34 1901.03 1925.92 1934.53 1923.98 1904.02 1877.8 1898.95 1913.31 1948.19 1992.89
2034.43 2026.34 2047.38 2070.84 2070.65 2025.97 1951.69 1924.1 1915.82 1951.23 1954.55 1968.71 2001.86 2020.17 2022.88 2045.4 2031.34 2012.43 1994.63 2005.26 2045.16 2013.55 1985.86 1960.44 1979.94 1973.12 1926.34 1892.64 1901.79 1925.82 1932.52 1936.81 1952.74 1977.79 2010.88 2000.03 2029.22 2055.65 2056.13 2013.21 2004.5 2033.3 2017.82 1975.33 1972.11 1957.71 1965.07 1949.18 1931.19 1907.55 1897.12 1895.45 1893.32 1944.8 1945.28 1929.33 1880.71 1910.35 1924.25 1920.09 1924.27 1901.33 1873.33 1922.78 1926.23 1932.18 1953.92
2032.05 2027.86 2030.44 2054.47 2022.21 1973.1 1973.93 1970.26 1940.14 1931.06 1937.43 1953.97 1980.37 2005.93 1999 2021.44 2022.97 2030.33 2000.91 2001.23 2013.53 2034.23 2020.03 1984.97 1965.51 1944.17 1930.48 1894.54 1903.41 1917.31 1918.21 1960.05 1975.65 2004.78 1994.94 1992.25 2030.19 2042.88 2031.41 2036.2 1995.59 2006.14 2002.35 1982.44 1959.26 1952.95 1952.92 1938.65 1935.7 1931.45 1927.06 1915.88 1899.98 1920.41 1929.73 1906.94 1882.83 1876.99 1910.7 1912.23 1900.11 1902.7 1870.04 1908.15 1910.49 1928.31 1937.57
2008.93 2006.03 2013.73 2030.13 1970.22 1956.07 1967.35 1927.75 1913.54 1904.89 1926.32 1952.03 1965.69 1990.15 1983.49 2004.14 2001.01 2017 2012.18 1980.83 2001.46 2014.57 2042.91 2008 1972.58 1969.96 1956.44 1899.31 1903.69 1904.14 1928.93 1962.61 1975.48 1976.49 1972.07 2016.19 2021.8 2018.85 2022.67 2025.14 2001.47 1989.3 2011.25 1987.22 1950.05 1948.51 1937.75 1938.24 1927.48 1918.56 1924.55 1920.5 1911.3 1881.94 1909.08 1893.61 1882.31 1864.42 1905.95 1913.91 1897.77 1891.74 1866.7 1898.77 1900.66 1909.17 1917
1987.43 1992.43 1995.04 1993.93 1952.85 1956.46 1943.2 1919.01 1900.35 1903 1939.95 1945.36 1974.64 1961.67 1983.47 1982.57 1981.26 1996.17 1999.02 1992.21 1981.65 2008.49 2032.16 2015.2 1980.66 1951.19 1932.4 1894.52 1893.33 1886.45 1921.49 1945.34 1964.23 1954.59 1973.45 2005.03 1994.03 1994.93 1998.22 2011.37 1995.56 1971.24 1992.65 1971.32 1944 1943.84 1914.33 1915.44 1944.54 1900.35 1895.59 1903.36 1904.15 1902.22 1873.23 1890.82 1887.76 1864.85 1865.56 1888.7 1904.29 1893.29 1884.22 1867.94 1888.95 1901.52 1908.42
1964.33 1965.54 1964.88 1934.45 1919.84 1941.17 1920.35 1902.75 1884.89 1904.48 1929.86 1949.85 1957.27 1949.96 1966.18 1965.59 1961.38 1981.79 1992.3 1975.67 1976.89 2002.21 2001.87 1998.22 1990.68 1947.65 1934.06 1924.43 1895.26 1877.63 1908.61 1938.1 1968.98 1939.93 1988.61 1993.02 1990.71 1983.16 1992.73 1982.16 1992.95 1984.53 1951.26 1964.94 1941.44 1944.58 1922.7 1899.1 1873.14 1904.25 1871.01 1898.63 1905.02 1880.19 1872.52 1867.67 1871.5 1876.96 1861.8 1858.41 1891.65 1894.11 1873.21 1857 1879.26 1892.02 1892.11
1961.02 1952.18 1911.03 1892.66 1941.63 1921.61 1916.25 1900.26 1879.66 1901.71 1928.33 1927.12 1940.93 1938.97 1953.14 1957.74 1957.92 1970.85 1983.66 1983.96 1963.25 1973.09 1997.03 1998.27 1985.6 1951.97 1932.42 1922.81 1893.57 1880.13 1901.5 1934.11 1944.06 1949.65 1970.5 1965.33 1970.85 1973.78 1978.75 1971.55 1979.95 1985.91 1952.47 1930.53 1925.78 1928.33 1885.9 1877.56 1861.95 1872.02 1862.17 1859.61 1874.51 1886.15 1890.75 1864.72 1867.45 1879.88 1854.8 1854.48 1883.18 1902.49 1889.42 1857.45 1859.12 1863.31 1861.55
1867.64 1880.54 1858.4 1899.49 1919.39 1893.11 1891.47 1891.95 1869.83 1897.66 1910.49 1924.66 1929.52 1934.27 1931.55 1948.08 1942.24 1965.81 1970.48 1968.36 1967.66 1958.7 1984.3 1995.62 1976.23 1940.77 1926.87 1916.85 1896.24 1877.23 1888.25 1902.19 1923.96 1940.57 1958.36 1951.57 1960.66 1961.98 1955.42 1956.08 1982.85 1989.83 1972.84 1925.13 1921.74 1907.82 1916.84 1906.29 1867.45 1855.97 1860.32 1853.05 1853.72 1861.02 1887.32 1871.8 1863.23 1885.22 1855.41 1848.24 1858.21 1906.24 1889.07 1863.61 1851.05 1853.77 1868.69
1844.71 1844.02 1852.55 1889.31 1890.8 1885.4 1874.25 1865.91 1870.07 1892.34 1897.87 1905.62 1916.93 1914.97 1927.94 1923.16 1943.11 1952.66 1951.9 1962.21 1950.32 1945.57 1977 1984.77 1965.42 1933.24 1914.56 1906.57 1894.28 1872.13 1874.3 1917.27 1929.25 1922.71 1932.05 1943.69 1940.24 1939.32 1949.79 1987.46 1978.66 1953.72 1939.18 1906.88 1909.33 1909.65 1895.08 1884.39 1898.57 1872.94 1852.16 1844.59 1845.57 1849.45 1854.64 1866.68 1854.9 1865.31 1854.9 1845.81 1854.32 1887.85 1896.61 1872.33 1846.92 1846.26 1870.05
1836.16 1838.34 1840.59 1872.36 1866.06 1859.97 1857.62 1852.5 1865.98 1886.24 1886.58 1893.65 1904.42 1912.45 1928.06 1916.52 1927.97 1935.29 1943.69 1956.78 1944.09 1952.02 1952.99 1976.81 1951.28 1929.11 1916.89 1899.19 1890.95 1886.95 1874.4 1905.16 1907.26 1924.44 1920.74 1919.7 1924.89 1952.17 1968.7 1947.09 1935.46 1935.61 1908.55 1893.35 1898.26 1899.44 1897.58 1891.8 1878.48 1862.65 1855.91 1852.97 1841.68 1843.35 1843.23 1851.12 1874.96 1856.78 1847.17 1843.07 1842.58 1854.03 1884.96 1875.24 1846.85 1842.4 1854.92
1836.65 1835.67 1837.76 1839.57 1841.77 1843.69 1849.23 1848.83 1862.91 1866.57 1875.93 1882.7 1894.62 1896.45 1917.42 1917.57 1930.58 1926.99 1938.23 1950.02 1928.55 1939.47 1957.81 1956.17 1934.59 1921.7 1908.24 1889.81 1883.1 1879.09 1878.93 1901.03 1895.24 1895.79 1899.86 1923.99 1943.58 1931.69 1936.78 1926.87 1933.66 1936.27 1894.12 1883.78 1884.41 1883.37 1888.47 1887.21 1879.4 1868.51 1855.33 1872.46 1845.28 1837.25 1842 1850.88 1870.19 1856.63 1845.6 1839.29 1836.55 1849.87 1858.17 1876.99 1848.07 1839.3 1844.3
1844.02 1837.62 1834.99 1836.75 1837.96 1839.75 1842.19 1845.74 1852.63 1855.61 1862.29 1871.84 1882.65 1886.03 1902.47 1899.76 1921.08 1916.57 1924.84 1942.53 1915.26 1935.92 1952.71 1949.7 1923.49 1915.22 1897.81 1887.89 1875.53 1868.16 1879.42 1887.98 1877 1892.77 1918.67 1915.96 1900.37 1895.92 1901.82 1908.42 1918 1931.2 1884.37 1873.97 1869.5 1871.79 1869.22 1880.78 1861.6 1860.53 1854.33 1848.91 1861.66 1833.4 1868.81 1871.34 1884.13 1880.38 1854.49 1842.24 1830.88 1834.88 1850.77 1876.47 1846.56 1835.48 1838.78
1844.86 1840.33 1838.85 1836.25 1835.41 1838.25 1840.76 1842.98 1842.12 1849.39 1852.85 1856.63 1873.31 1876.66 1880.75 1898.04 1911.14 1902.88 1910.78 1932.9 1912.03 1921.32 1950.94 1932.17 1910.54 1902.9 1889.53 1877.53 1871.65 1870.17 1861.45 1868.86 1895.48 1896.56 1901.95 1895.71 1876.35 1886.36 1895.14 1897.43 1913.18 1926.01 1875.61 1861.63 1859.88 1857.88 1853.38 1867.35 1846.09 1845.05 1842.74 1842.84 1844.48 1830.26 1857.48 1872.68 1869.54 1877.83 1870.15 1855.8 1835.58 1830.1 1844.85 1871.08 1840.14 1833.52 1833.93
1875.72 1861.9 1843.74 1841.71 1835.03 1836.4 1837.91 1838.21 1834.98 1840.06 1843.73 1844.79 1850.78 1858.76 1871.62 1875 1897.27 1891.06 1902.24 1910.69 1895.78 1930.66 1937.85 1917.91 1901.43 1892.85 1886.92 1875.58 1865.87 1864.44 1858.89 1872.28 1891 1869.23 1867.3 1870.62 1869.49 1878.36 1880.09 1889.18 1894.96 1904.18 1882.71 1853.55 1854.29 1851.71 1846.92 1843.29 1837.78 1836.02 1837.18 1836.66 1833.13 1829.79 1841.15 1846.92 1862.92 1858.3 1872.49 1843.98 1833.97 1826.57 1839.6 1855.34 1847.04 1831.07 1830.03
1874.84 1856.13 1849.68 1845.77 1840 1834.73 1835.19 1834.76 1834.32 1833.19 1835.9 1834.98 1841.54 1847.6 1851.43 1864.34 1885.57 1881.9 1890.35 1889.97 1908.39 1926.34 1929.18 1900.34 1889.02 1891.77 1881.35 1881.98 1892.19 1911.95 1888.86 1853.14 1866.26 1874.39 1861.15 1858.71 1862.66 1865.26 1872.01 1878.58 1879.01 1872.99 1854.64 1846.37 1845.94 1843.64 1841.62 1836.5 1832.52 1830.22 1830.85 1830.25 1831.28 1824.47 1831.13 1837.99 1861.29 1842.94 1855.72 1836.62 1830.18 1824.62 1834.9 1850.77 1850.37 1834.99 1826.7
1884.77 1863.48 1852.17 1847.1 1841.84 1836.92 1833 1833.28 1833.41 1831.98 1833.94 1833.73 1836.53 1836.8 1837.96 1847.83 1860.96 1886.7 1876.05 1874 1905.09 1920.92 1916.6 1890.16 1881.42 1872.22 1885.53 1907.95 1909.76 1878.38 1859.49 1853.82 1892.23 1861.79 1855.94 1855.03 1856.06 1861.01 1866.16 1873.78 1879.72 1852.16 1843.84 1839.91 1836.53 1835.84 1834.1 1830.84 1827.95 1825.18 1824.68 1825.07 1828.93 1823.83 1830.58 1844.44 1856.46 1833.99 1828.57 1829.71 1823.53 1824.48 1824.59 1846.07 1850.77 1837.99 1824.94
1867.35 1870.24 1861.06 1849.91 1844.13 1838.24 1835.32 1833.48 1833.61 1830.98 1832.31 1832.71 1833.68 1833.85 1834.58 1835.91 1840.61 1854.48 1866.65 1870.39 1883.51 1912.65 1896.01 1872.5 1872.2 1903.69 1920.32 1901.81 1868.65 1865.8 1852.66 1877.82 1873.87 1854.65 1851.32 1849.01 1851.82 1858.51 1873.11 1907.88 1885.07 1843.13 1838.62 1833.48 1831.03 1830.79 1826.8 1824.51 1821.82 1820.12 1818.08 1819.61 1822 1821.44 1824.24 1830.37 1837.73 1829.7 1821.6 1816.65 1816.87 1820.79 1819.25 1832.41 1843.82 1837.78 1822.05
1888.23 1894.17 1872.8 1856.33 1857.62 1849.75 1842.83 1835.4 1836.31 1831.49 1831.19 1831.49 1831.8 1831.81 1831.8 1832.05 1833.9 1842.95 1851.36 1860.22 1878.47 1905.48 1869.22 1859.57 1902.12 1899.98 1890.92 1876.21 1863.52 1860.26 1850.12 1859.14 1860.25 1850.49 1846.7 1842.58 1848.82 1861.71 1893.51 1916.67 1844.4 1833.29 1831.23 1827.09 1825.09 1824.3 1823.35 1820.06 1818.37 1817.83 1817.42 1817.18 1817.18 1816.96 1816.91 1817.07 1817.37 1814.45 1812.82 1812.33 1813.15 1816.38 1816.61 1815.36 1815.94 1816.51 1817.45
1915.38 1900.28 1876.63 1870.72 1866.68 1860.99 1856.59 1851.08 1846.42 1840 1830.39 1830.17 1830.29 1830.17 1829.53 1829.03 1829.8 1835.59 1841.79 1844.5 1863.77 1877.88 1858.87 1883.21 1850.92 1862.37 1869.47 1894.29 1858.8 1853.81 1846.66 1847.91 1851.93 1850.39 1843.81 1838.21 1846.16 1872.98 1899.49 1854.97 1829.82 1824.42 1823.37 1820.4 1819.12 1819.46 1817.72 1817.4 1816.98 1816.25 1815.42 1815.66 1815.66 1815.35 1815.1 1814.6 1813.45 1811.97 1811.67 1811.44 1810.83 1810.94 1811.57 1812.23 1812.18 1813.1 1813.81
1938.38 1899.83 1922.15 1908.38 1891.85 1888.06 1895.21 1896.27 1866.62 1865.11 1849.67 1835.29 1831.95 1830 1828.97 1827.94 1828.35 1828.81 1833.19 1832.45 1832.61 1840.03 1852.81 1840.33 1846.93 1847.29 1870.07 1868.19 1859.05 1842.82 1847.39 1881.09 1855.53 1845.61 1841.71 1835.84 1846.22 1897.58 1885.61 1828.13 1820.79 1817.61 1815.33 1815.99 1815.19 1814.06 1814.27 1814.87 1814.94 1814.29 1813.83 1813.83 1814.06 1813.66 1813.29 1812.84 1811.75 1811.27 1811.05 1810.94 1810.44 1809.85 1809.63 1809.38 1808.82 1810.35 1811.58
1971.31 1957.79 1941.71 1906.22 1894.66 1913.03 1937.08 1898.41 1869 1880.65 1869.73 1869.97 1869.51 1862.53 1844.85 1828.72 1827.51 1827.75 1827.86 1827.23 1826.6 1830.43 1835.98 1829.6 1835.61 1840.48 1841.93 1842.69 1839.63 1848.25 1857.68 1890.11 1843.28 1832.39 1834.45 1834.8 1859.88 1908.78 1838.96 1817.23 1814.8 1815.1 1814.51 1813.49 1813.04 1812.65 1812.04 1812.64 1813.22 1812.7 1812.29 1812.61 1812.78 1812.25 1811.9 1811.73 1811.39 1811.08 1810.81 1810.53 1810.14 1809.58 1808.84 1808.41 1808.17 1806.37 1806.05
2017.76 1986.99 1956.77 1908.14 1922.63 1940.13 1932.04 1887.9 1910.14 1912.19 1892.54 1892.51 1885.64 1874.37 1850.33 1840.92 1827.11 1826.94 1826.63 1826.13 1825.79 1826.38 1828.78 1828.44 1832.39 1836.15 1837.41 1837.58 1838.99 1867.32 1881.18 1876.37 1838.59 1831.3 1830.39 1835.46 1901.36 1862.67 1822.83 1815.94 1815.71 1815.44 1814.91 1814.14 1813.48 1812.85 1811.91 1811.9 1811.96 1811.47 1811.46 1812.04 1811.88 1811.46 1811.41 1811.13 1811.06 1810.84 1810.78 1810.52 1810.23 1809.94 1810.12 1811.91 1810.62 1811.3 1806.15
2078.47 2009.92 1961.68 1959.24 1969.34 1960.44 1919.51 1940.65 1924.57 1928.71 1925.08 1919.68 1910.22 1902.86 1873.41 1846.09 1840.19 1827.61 1826.97 1826.7 1825.69 1825.71 1826.5 1828.14 1830.29 1833.48 1834.69 1834.78 1834.48 1836.1 1847.3 1862.36 1859.67 1832.43 1824.62 1840.78 1937.77 1862.12 1816.58 1815.91 1816.58 1816.08 1815.42 1814.74 1813.96 1813.15 1812.4 1811.74 1811.55 1811.74 1811.74 1811.7 1811.44 1811.71 1811.65 1811.23 1810.78 1810.46 1810.52 1810.81 1810.7 1810.83 1811.94 1813.19 1813.4 1813.47 1808.64
2113.07 2027.28 1979.67 2003.15 2009.8 1980.19 1947.69 1963.26 1941.71 1949.5 1934.15 1936.98 1924.38 1911.06 1890.13 1852.26 1851.83 1829.33 1828.71 1828.72 1827.32 1825.34 1824.56 1824.62 1830.4 1831.81 1832.16 1832.46 1832.96 1831.83 1834.5 1843.12 1852.84 1848.16 1834.41 1823.82 1864.88 1820.73 1817.15 1817.66 1817.59 1816.66 1816 1815.19 1814.42 1813.61 1812.71 1812.07 1811.93 1812.04 1811.92 1811.74 1811.74 1811.74 1811.74 1811.67 1810.77 1810.23 1810.49 1810.8 1810.77 1811.48 1813.64 1816.07 1817.68 1831.45 1842.6
2122.28 2083.71 2029.06 2020.38 2017.08 1983.49 1975.02 1959.02 1961.53 1950.35 1941.65 1932.13 1928 1922.36 1901.42 1868.4 1854.3 1832.77 1830.42 1831.28 1829.93 1828.05 1825.82 1823.95 1829.64 1829.74 1830.13 1830.92 1831.22 1830.58 1828.55 1829.69 1828.74 1826.09 1823.02 1817.84 1816.92 1818.25 1819.32 1823.36 1818.88 1817.22 1816.42 1815.71 1815 1814.17 1813.25 1812.64 1812.04 1811.74 1811.74 1811.7 1809.94 1809.91 1809.91 1809.94 1810.2 1809.19 1810.7 1809.97 1810.6 1815.77 1816.76 1818.74 1819.17 1827.46 1847.73
2207.8 2133.76 2037.98 2017.58 2015.18 1982.15 1991.64 1969.01 1971.63 1957.29 1945.42 1940.07 1936.89 1928.09 1914.32 1877.09 1856.45 1848.94 1835.75 1834.57 1832.39 1830.04 1826.82 1823.72 1823.9 1827 1828.18 1829.24 1829.36 1829.13 1829.17 1826.65 1825.25 1823.63 1822.64 1819.55 1817.97 1817.94 1822.39 1823.81 1827.96 1817.52 1816.97 1816.63 1815.93 1815 1813.74 1812.77 1812.16 1811.72 1810.09 1810.14 1810.57 1816.4 1812.87 1813.21 1813.37 1817.73 1813.12 1817.83 1822.19 1824.77 1823.08 1824.81 1822.4 1830.23 1885.28
2237.48 2125.98 2039.85 2017.02 2006.69 2000.35 1996.77 1993.07 1971.47 1962.08 1958.16 1950.86 1941.08 1928.59 1919.86 1903.09 1866.53 1855.31 1841.32 1837.06 1834.5 1831.19 1827.36 1823.63 1823.39 1824.91 1826.06 1826.35 1826.29 1825.42 1825.11 1824.82 1824.52 1823.66 1822.31 1819.55 1818.29 1827.43 1843.56 1829.13 1834.08 1832.86 1817.58 1817.76 1819.04 1819.48 1815.63 1813.38 1813.06 1818.2 1821.21 1819.89 1819.72 1822.56 1821.09 1822.68 1825.27 1823.91 1828.61 1832.23 1829.43 1831.33 1832.61 1864.23 1830.4 1828.26 1868.72
2264.68 2150.52 2060.32 2023.03 2032.21 2019.4 2001.26 1992.33 1975.24 1968.15 1968.61 1962.21 1949.84 1931.36 1920.53 1901.77 1883.54 1850.09 1843.79 1842.99 1847.76 1831.94 1828.21 1824.9 1824.12 1823.67 1824.52 1824.52 1824.22 1823.32 1823 1823.3 1823.62 1822.67 1820.17 1817.74 1817.79 1871.63 1856.45 1832.93 1842.12 1847.68 1842.32 1823.06 1824.03 1827.45 1827.29 1846.85 1846.93 1870.4 1888.63 1869.32 1850.75 1833 1837.44 1847.2 1841.72 1848.5 1865.92 1874.45 1856.4 1845.94 1866.36 1865.87 1834.55 1828.9 1875.93
2265.97 2137.66 2073.42 2045.66 2049.92 2049.98 1999.22 1994.74 1986.86 1984.98 1979.35 1972.37 1954.28 1936.49 1928.65 1907.72 1876.93 1863.97 1852.84 1847.11 1872.1 1845.22 1830.39 1828.47 1827.34 1824.24 1823.36 1821.51 1821.78 1821.77 1821.78 1821.78 1821.46 1819.99 1818.48 1823.75 1856.02 1884.59 1863.22 1838.1 1858.26 1854.73 1855.45 1849.33 1855.36 1836.33 1864.37 1890.46 1934.8 1952.38 1950.36 1946.1 1900.19 1852.41 1873.17 1911.08 1871.35 1869.81 1912.8 1927.9 1891.05 1875.14 1922.6 1871.31 1834.08 1829.54 1873.36
