models/data/gisElevation.asc
NCOLS 320
NROWS 240
XLLCORNER -11856052.511874
YLLCORNER 4317423.928
CELLSIZE 191.312255
NODATA_VALUE NaN
[rows 120 to 149 of 240, columns 0 to 66 of 320]
1965.9 1966.62 1962.58 1960.66 1959.58 1957.97 1947.26 1913.45 1907.85 1908.82 1901.84 1924.56 1933.92 1933 1920.78 1918.53 1913.71 1898.67 1883.06 1883.06 1883.06 1883.06 1883.06 1884.06 1885.53 1889.23 1890.07 1904.05 1908.27 1916.24 1922.33 1925.98 1936.97 1944.7 1934.3 1947.19 1952.36 1950.55 1944.39 1956.16 1961.73 1965.49 1969.12 1971.94 1975.2 1976.85 1974.26 1975.87 1974.29 1969.89 1967.14 1975.46 1986.37 1987.77 2000.67 2007.98 2012.45 2016.13 2028.65 2042.58 2038.29 2042.59 2036.35 2066.24 2074.4 2077.87 2129.56
1965.42 1959.23 1964.73 1961.43 1960.29 1958.05 1951.72 1939.7 1923.63 1930.29 1915.27 1903.67 1930.29 1925.89 1915.35 1913.67 1912.94 1908.98 1887.14 1883.06 1883.06 1883.14 1894.11 1886.04 1887.23 1889.16 1900.48 1902.87 1909.08 1912.81 1916.76 1918.86 1934.21 1939.58 1929.35 1943.41 1946.92 1946.28 1954.33 1959.91 1962.7 1965.55 1968.93 1971.26 1972.85 1970.05 1969.36 1970.82 1968.85 1966.36 1965.33 1969.24 1992.68 1979.11 1998.75 2000.26 2001.86 2008.52 2019.63 2028.77 2028.45 2012.39 2044.5 2061.07 2073.59 2108.22 2130.51
1966.56 1964.3 1954.58 1949.42 1960.93 1949.27 1942.5 1953.34 1955.59 1939.23 1925.29 1901.27 1893.23 1908.11 1909.95 1909.22 1908.94 1908.35 1888.88 1883.06 1883.06 1883.06 1884.98 1883.98 1890.23 1901.13 1931.93 1910.7 1909.95 1909.97 1910.94 1913.74 1929.56 1932.16 1924.51 1938.91 1939.87 1943.32 1960.46 1964.5 1965.34 1965.83 1965.86 1968.98 1970.24 1967.18 1965.35 1966.49 1965.92 1965.21 1960.57 1965.35 1973.01 1974.48 1990.52 1995 1994.78 2004.6 2009.85 2013.88 2013.79 2004.99 2031.48 2068.98 2102.57 2120.61 2126.82
1966.01 1962.23 1962.19 1952.29 1932.36 1952.75 1925.02 1933.2 1929.45 1918.23 1930.93 1919.88 1884.15 1898.33 1909.09 1906.08 1908.34 1906.42 1889.31 1883.06 1883.06 1883.06 1883.06 1885.68 1891.66 1900.45 1932.24 1920.63 1906.86 1908.28 1905.89 1913.63 1922.43 1917.23 1933.43 1938.24 1932.18 1951.56 1958.76 1962.56 1964.37 1963.84 1963.84 1966.62 1965.59 1964.95 1961.49 1963.26 1962.63 1961.97 1956.98 1965.19 1969.76 1973.58 1983.9 1990.51 1989.49 1996.61 1993.45 1998.25 2012.55 2016.09 2032.49 2087.52 2112.1 2125.11 2117.42
1964.11 1961.31 1961.21 1961.51 1947.44 1924.01 1918.2 1914.8 1918.4 1906.88 1918.9 1920.25 1891.94 1889.66 1903.52 1904.46 1905.72 1894.02 1894.36 1883.06 1883.06 1883.06 1883.06 1888.06 1893.22 1902.34 1925.44 1931.77 1901.28 1906.92 1904.54 1913.85 1914.34 1918.97 1927.82 1923.25 1944.2 1949.46 1954.88 1959.11 1960.72 1960.24 1962.8 1963.42 1962.99 1961.38 1958.61 1958.99 1958.61 1957.88 1956.07 1961.38 1968.15 1975.63 1981.33 1986.11 1987.35 1988.41 1989.16 1998.21 2003.26 2013.01 2047.07 2088.81 2116.38 2118.89 2114.05
1943.48 1959.63 1960.53 1943.05 1955.32 1936.09 1926.1 1921.16 1911.33 1909.55 1908.85 1901.9 1892.53 1883.06 1900.65 1899.27 1897.13 1887.26 1887.27 1883.06 1883.06 1896.2 1884.37 1887.2 1891.44 1896.66 1915.37 1920.97 1898.05 1902.69 1908.8 1908.93 1899.46 1923.18 1922.75 1934.58 1942.92 1947.4 1951.2 1955.25 1958.23 1956.68 1958.38 1958.71 1959.31 1957.4 1957.39 1954.04 1955.17 1954.63 1957.78 1961.78 1965.34 1970.22 1981.18 1980.39 1985.35 1979.44 1985.06 1990.42 2000.76 2018.88 2053.54 2087.77 2109.64 2105.82 2112
1934.48 1958.12 1960.81 1956.98 1926.5 1925.72 1933.91 1925.48 1919.77 1914.8 1899.04 1899.72 1903.85 1883.06 1897.83 1883.06 1883.06 1883.06 1883.08 1883.06 1883.07 1887.8 1891.19 1889.18 1890.02 1898.74 1919.54 1906.88 1895.55 1892.69 1906.98 1893.8 1908.74 1909.04 1924.66 1936.08 1940.59 1944.52 1946.92 1951.43 1953.13 1951.74 1954.44 1955.1 1955.23 1954.4 1951.36 1951.67 1951.56 1952.18 1956.24 1961.12 1965.64 1969.3 1976.84 1973.34 1976.25 1976.97 1980.58 1989.56 2003.44 2027.95 2042.06 2077.62 2094.77 2093.96 2102.32
1928.18 1930.47 1934.45 1952.59 1936.83 1916.42 1914.92 1922.51 1914.78 1911.35 1901.34 1885.25 1906.57 1893.98 1883.06 1883.06 1883.06 1883.06 1883.06 1883.06 1883.06 1885.06 1888.27 1899.12 1896.36 1905.18 1917.61 1901.08 1891.86 1895.46 1892.65 1907.16 1895.54 1916.46 1926.93 1933.38 1937.36 1938.69 1941.13 1947.11 1948.41 1947.75 1951.01 1950.2 1949.97 1950.55 1944.05 1943.29 1947.52 1953.16 1957.17 1960.93 1963.97 1964.77 1968.34 1968.42 1970.05 1967.59 1980.75 1989.61 2007.91 2025.05 2057.73 2086 2093.79 2091.81 2095.52
1930.22 1925.33 1920.45 1924.31 1929.51 1915.98 1916.57 1914.94 1916.38 1909.5 1906.17 1898.88 1898.59 1884.79 1883.06 1883.06 1883.06 1883.06 1883.06 1883.06 1883.06 1883.06 1883.34 1890.37 1898.16 1901.87 1912.39 1890.55 1884.03 1883.23 1904.07 1903.54 1895.85 1914.76 1921.01 1929.17 1931.35 1933.72 1940.31 1943.94 1942.76 1942.42 1947.18 1945.09 1942.32 1945.36 1938.79 1946.79 1951.73 1953.9 1957.31 1959.44 1960.51 1961.16 1963.43 1962.13 1961.76 1971.98 1979.22 1990.17 2005.39 2017.78 2052.84 2084.1 2079.78 2080.57 2091.92
1941.21 1935.89 1938.68 1919.45 1913.54 1911.28 1908.59 1919.24 1909.77 1913.8 1906.03 1898.64 1883.14 1883.06 1891 1891.36 1883.96 1886.55 1886.93 1883.97 1883.06 1883.06 1883.06 1887.33 1891.03 1894.32 1896.57 1886.22 1883.89 1883.06 1888.5 1885.13 1892.84 1914.53 1915.3 1925.17 1932.97 1930.2 1932.94 1937.08 1937.17 1942.17 1943.31 1939.53 1939.37 1935.1 1942.98 1946.79 1949.32 1951.78 1956.13 1957.06 1957.28 1959.07 1961.11 1954.42 1965.63 1970.53 1977 1987.79 1995.49 1996.38 2011.08 2029.64 2074.35 2090.64 2099.41
1965.81 1960.7 1954.41 1952.61 1941.79 1929.1 1917.2 1914.08 1918.49 1906.5 1899.09 1883.32 1884.31 1893.96 1894.09 1892.83 1885.5 1890.87 1889.26 1886.67 1883.06 1883.06 1883.06 1886.08 1887.71 1889.05 1888.06 1883.06 1883.29 1883.06 1884.78 1885.55 1899.47 1911.02 1914.93 1924.16 1934.72 1929.43 1925.99 1931.23 1935.82 1938.89 1938.74 1935.2 1932.49 1938.11 1939.45 1942.4 1945.35 1951.54 1953.44 1955.03 1955.35 1956.54 1956.94 1951.33 1959.73 1967.45 1973.69 1983.84 1997.98 2026.98 2053.3 2073.85 2078.76 2086.37 2101.84
1966.67 1964.3 1955.55 1953.9 1954.84 1937.74 1932.06 1922.64 1907.83 1888.8 1883.06 1896.8 1903.96 1899.24 1896.24 1894.32 1892.74 1892.58 1890.82 1887.89 1885.54 1883.06 1883.06 1883.06 1883.15 1883.25 1883.09 1883.11 1883.06 1883.06 1891.65 1895.26 1910.26 1902.82 1914.21 1927.12 1932.47 1923.2 1918.15 1928.65 1932.39 1932.47 1932.98 1931.97 1930.98 1935.97 1938.97 1941.85 1945.83 1950.73 1952.78 1953.61 1952.61 1952 1947.93 1958.94 1961.24 1964.67 1973.4 1975.53 2013.9 2036.46 2063.53 2071.1 2072.49 2082.79 2104.78
1963.89 1956.59 1952.56 1948.35 1951.53 1951.02 1927.22 1902.2 1883.07 1891.04 1911.2 1920.06 1914.6 1904.31 1899.53 1897.17 1895.3 1893.92 1891.85 1888.19 1884.33 1886.07 1883.28 1883.06 1883.06 1883.06 1883.06 1883.06 1883.06 1883.06 1883.06 1895.79 1893.66 1906.87 1912.69 1925.67 1927.32 1916.73 1916.47 1927.08 1928.01 1929.18 1928.95 1924.32 1932.07 1934.63 1938.53 1941.24 1947.1 1951.67 1951.83 1951.72 1949.24 1943.73 1952.28 1963.39 1967.24 1960.86 1965.07 1982.79 2031.55 2056.68 2062.65 2062.19 2068.63 2081.36 2101.59
1964.91 1964.22 1958.31 1953.91 1933.56 1915.53 1884.31 1883.06 1896.06 1923.23 1925.93 1925.37 1915.99 1909.44 1903.11 1900.01 1897.51 1894.92 1891.36 1889 1891.5 1891 1888.64 1886.68 1885.87 1883.06 1883.06 1883.06 1883.06 1883.06 1883.06 1888.86 1893.97 1908.83 1913.33 1920.52 1914.14 1909.98 1917.2 1921.32 1923.54 1927.61 1921.4 1925.19 1933.01 1934.61 1936.85 1939.78 1946.08 1949.16 1947.39 1947.31 1945.99 1944.98 1959.33 1966.48 1956.81 1963.32 1969.98 1997.86 2043.8 2053.67 2054.55 2060.2 2072.43 2083.21 2106.02
1891.6 1904.35 1900.46 1887.02 1883.26 1882.96 1883.17 1903.63 1914.88 1930.12 1937.95 1931.4 1920.38 1913.89 1907.7 1904.63 1901.39 1894.49 1895.7 1894.88 1895.06 1891.73 1890 1888.23 1886.49 1883.06 1883.06 1883.06 1883.06 1883.06 1883.06 1883.06 1892.57 1909.55 1911.47 1909.65 1907.74 1903.68 1919.55 1920.77 1917.79 1916.31 1927.3 1927.4 1930.21 1932.45 1935.64 1939.61 1941.25 1943.44 1942.6 1941.11 1937.62 1943.82 1960.43 1957 1952.73 1962.67 1988.63 2034.21 2043.82 2049.42 2044.58 2057.02 2074.23 2081.4 2109.05
1874.04 1871.69 1876.73 1881.96 1882.51 1897.16 1923.78 1932.9 1936.74 1943.09 1940.78 1936.11 1924.71 1916 1914.6 1911.66 1899 1903.99 1902.97 1909.74 1907.98 1905.29 1890.7 1889.15 1886.8 1885.29 1883.06 1883.06 1883.06 1883.06 1883.06 1883.06 1886.79 1910.48 1908.99 1902.46 1896.9 1906.26 1921.57 1923.55 1913.03 1925.6 1928.74 1918.25 1924.76 1931.39 1933.86 1933.61 1936.58 1937.71 1939.69 1935.77 1943.78 1950.77 1947.32 1948.11 1952.92 1967.64 2004.1 2034.42 2039.63 2040.15 2038.82 2060.32 2069.36 2073.6 2095.26
1907.88 1896.62 1888.76 1886.7 1925.5 1937.72 1960.34 1955.5 1937.24 1947.35 1944.64 1938.42 1929.31 1923.26 1920.7 1905.39 1911.46 1910.35 1917.16 1918.17 1916.98 1910.97 1895.89 1889.78 1887.87 1885.55 1883.06 1883.06 1883.06 1883.06 1883.06 1883.06 1883.06 1903.12 1910 1897.06 1910.55 1917.3 1916.2 1903.53 1911.93 1925.22 1918.68 1919 1927.12 1930.48 1929.42 1928.91 1932.41 1933.88 1935.39 1932.51 1944.29 1936.71 1939.27 1947.71 1956.23 1982.96 2024.28 2030.79 2033.09 2030.34 2040.67 2056.78 2066.66 2066.92 2071
1946.11 1950.83 1940.94 1948.81 1952.86 1970.53 1986.83 1962.61 1945.25 1949.18 1947.28 1942.62 1938.94 1929.82 1911.82 1919.89 1919.56 1922.79 1920.74 1919.94 1915.17 1904.48 1895.35 1890.48 1889.09 1886.82 1886.38 1886.33 1885.63 1883.06 1883.06 1883.06 1883.06 1883.06 1886.22 1885.57 1903.01 1915.55 1897.5 1911.06 1920.72 1919.5 1908.66 1919.86 1918.84 1923.08 1924.99 1927.95 1932.13 1933.72 1931.11 1928.23 1934.18 1938.92 1944.39 1950 1965.85 2006 2017.71 2023.46 2026.3 2029.09 2038.17 2053.36 2056.91 2058.67 2074.47
1973.2 1969.96 1976.28 1976.52 1992.31 1991.21 1967.95 1976.38 1956.01 1947.79 1947.57 1946.35 1926.22 1919.5 1935.19 1935.7 1940.17 1940.3 1931.39 1921.71 1916.28 1904.65 1896.46 1891.41 1890.5 1889.57 1888.52 1887.8 1886.08 1884.71 1884.26 1884.22 1885.22 1883.06 1883.06 1883.38 1894.24 1896 1898.47 1915.6 1915.67 1907.95 1910.99 1915.67 1922.53 1927.86 1929.69 1928.78 1929.04 1927.86 1926.43 1929.12 1933 1941.76 1948.15 1957.84 1995.26 2009.61 2015.48 2018.68 2018.59 2027.04 2039.32 2047.3 2050.46 2060.89 2087.49
1985.32 2002.16 1992.26 1992.79 1999.16 1988.57 1995 1971.76 1953.41 1946.43 1935.58 1929.03 1928.57 1928.36 1942.02 1942.34 1942.68 1941.58 1938.69 1931.97 1918.14 1909.66 1901.63 1895.25 1893.32 1891.12 1890.04 1889.37 1888.67 1887.07 1887.34 1888.29 1888.37 1886.25 1883.08 1883.06 1883.06 1895.93 1905.97 1908.79 1904.06 1895.61 1916.76 1922.17 1926.02 1926.77 1927.17 1922.72 1922.46 1921.02 1927.29 1932.03 1942.1 1942 1953.08 1975.21 1997.34 2002.96 2009.72 2013.09 2010.64 2026.69 2036.64 2034.46 2048.42 2059.18 2085.36
2004.03 2003.9 2002.62 2003.31 2000.87 1996.07 1991.54 1964.87 1948.12 1941.69 1940.01 1928.17 1942.5 1934.4 1942.64 1944.45 1944.09 1941.3 1934.81 1933.53 1921.98 1910.04 1910.83 1906.14 1898.3 1894.89 1892.72 1891.42 1890.81 1890.13 1889.54 1889.94 1889.01 1887.25 1884.5 1883.06 1883.06 1887.02 1902.59 1897.76 1890.01 1898.61 1918.41 1922.03 1922.6 1921.58 1918.41 1916.08 1920.7 1927.46 1934.66 1945.73 1960.28 1953.9 1962.43 1985.31 1993.26 2000.58 2006.36 2002.87 2013.85 2024.33 2024.56 2034.07 2046.4 2058.24 2073.61
2004.66 1997.67 2005 2001.74 1994.36 1983.12 1971.63 1958.06 1950.32 1946.98 1934.23 1947.76 1946.46 1943.25 1949.58 1948.45 1945.69 1942.82 1939.54 1934.52 1927.09 1915.39 1912.92 1910.47 1906.68 1900.67 1896.81 1895.68 1893.86 1891.67 1891.23 1890.44 1889.81 1887.78 1886.3 1883.06 1883.06 1883.06 1894.95 1883.08 1889.89 1898.53 1917.18 1916.55 1915.61 1912.2 1912.78 1923.09 1944.21 1952.23 1949.71 1962.43 1963.21 1966.81 1968.01 1986.93 1995.34 1998.81 1994.59 1998.39 2011.09 2016.27 2020.95 2031.83 2042.93 2044.49 2049.43
2000.08 1997.64 1993.71 1997.36 1996.15 1995.44 1981.15 1956.76 1949.08 1937.14 1940.02 1954.23 1946.5 1952.91 1958.36 1958.12 1951.65 1944.52 1940.16 1936.44 1931.37 1915.91 1912.69 1909.75 1906.98 1901.71 1899.46 1898.35 1895.03 1888.26 1891.45 1891.65 1890.74 1888.84 1886.42 1883.95 1883.06 1883.06 1883.06 1888.74 1904.6 1895.85 1914.28 1903.58 1909.83 1913.7 1915.11 1936.36 1928.81 1936.28 1946.8 1955.37 1961.88 1967.35 1975.38 1986.52 1991.69 1989.94 1994.42 2001.9 2005.33 2013.59 2020.55 2028.23 2029.91 2029.26 2031.38
1999.65 1983.65 1978.79 1975.72 1973.07 1963.57 1957.55 1949.74 1942.21 1949.7 1950.11 1958.82 1954.9 1964.17 1973.58 1972.29 1954.18 1942.43 1937.06 1934.89 1931.35 1913.62 1909.28 1910.07 1903.85 1900.28 1898.94 1897.75 1887.68 1883.06 1885.66 1889.09 1888.6 1888.14 1886.11 1883.06 1883.06 1883.06 1883.06 1883.54 1886.97 1894.79 1905.15 1906.7 1909.98 1908.81 1913.33 1921.67 1927.17 1941.77 1949.57 1957.96 1962.66 1969.83 1979.21 1993.68 1982.97 1990.22 1999.56 2003.04 2007.09 2010.76 2016.06 2020.62 2013.94 2011.9 2012.35
2006.83 2002.66 1976.03 1963.55 1960.06 1953.93 1953.61 1954.1 1955.02 1952.74 1962.52 1960.9 1970.43 1976.78 1979.21 1971.99 1943.35 1937.81 1931.15 1923.91 1924.93 1932.84 1913.77 1901.26 1896.73 1892.62 1888.99 1886.6 1883.17 1883.8 1883.16 1883.24 1883.32 1883.17 1886.92 1883.06 1883.06 1883.06 1883.06 1883.06 1883.11 1883.66 1905.24 1910.87 1903.13 1910.93 1916.1 1922.46 1936.33 1947.12 1952.19 1958.76 1962.56 1969.1 1977.04 1985.56 1981.45 1989.66 1996.35 2000.65 2002.53 2007.9 2012.14 2007.91 1999.58 2006.95 2019.33
2001.88 1982.89 1967.45 1961.05 1962.33 1962.09 1965.12 1966.81 1962.06 1962.09 1974.19 1967.84 1979.13 1973.3 1959.82 1949.39 1941.06 1942.77 1933.48 1936.25 1935.83 1934.15 1924.25 1911.79 1903.55 1898.1 1885.6 1890.01 1897.27 1895.93 1890.71 1884.26 1883.49 1883.39 1883.11 1883.06 1883.06 1883.06 1883.06 1883.06 1883.2 1890.03 1907.48 1897.34 1910.51 1914.59 1922.09 1926.87 1937.36 1948.82 1954.88 1957.5 1962.18 1970.97 1988.8 1977.86 1977.46 1984.53 1995.08 1993.74 2000.46 2004.56 2000.88 1991.35 1999.16 2010.03 2020.49
1980.1 1974.73 1967.06 1967.27 1966.1 1970.43 1975.17 1974.51 1963.87 1980.23 1986.73 1984.95 1982.47 1967.97 1963.26 1943.76 1949.74 1944.65 1938.56 1935.27 1933.53 1931.72 1929.4 1909.69 1902.39 1888.05 1893.67 1899.88 1901.25 1898.37 1895.67 1892.05 1888.86 1883.99 1885.45 1883.06 1883.06 1883.06 1883.06 1883.06 1883.58 1887.5 1902.66 1914 1921.37 1920.47 1920.03 1933.05 1940.35 1945.67 1952.38 1957.61 1962.35 1968.97 1976.59 1970.41 1975.89 1981.91 1988.41 1991.09 1996.67 1994 1988.24 1982.64 1994.05 2003.64 2017.94
1972.54 1968.38 1969.51 1973.58 1975.53 1976.92 1993.8 1977.22 1965.64 1984.27 1998.17 1998.83 1986.97 1964.85 1958.2 1946.18 1934.54 1943.62 1936.69 1931.1 1923.96 1919.67 1916.57 1908.94 1907.66 1899.23 1907.95 1905.71 1906.6 1902.02 1892.03 1886.22 1887.42 1883.07 1883.06 1883.06 1883.06 1883.06 1883.06 1883.06 1883.06 1894.01 1921.16 1930.93 1933.26 1928.59 1931.7 1934.82 1938.55 1944.84 1952.25 1956.28 1957.52 1962.06 1964.71 1967.83 1984.95 1981.31 1983.51 1984.52 1989.72 1982.27 1974.89 1984.52 1996.54 2002.2 2016.19
1969.54 1968.61 1970.54 1976.42 1987.91 1994.8 1993.63 1976.78 1971.75 1979.8 1993.63 1995.67 1985.2 1979.61 1956.92 1942.13 1938.15 1926.43 1925.32 1920.71 1918.67 1909.69 1913.24 1928.76 1923.44 1919.77 1913.49 1910.56 1905.82 1897.51 1895.28 1891.4 1886.76 1883.76 1883.52 1883.06 1883.06 1883.06 1883.06 1883.06 1883.05 1911.27 1934 1939.88 1943.39 1947.27 1947.26 1942.27 1944.19 1947.15 1948.82 1949.62 1951.94 1956.12 1956.46 1982.1 1985.9 1977.24 1975.9 1977.66 1983.83 1972.34 1977.31 1985.73 1995.26 2003.76 2018.06
1969.95 1973.49 1974.67 1976.42 1986.94 1998.86 1992.96 1976.8 1982.57 1973.4 1967.68 1982.56 1995.32 1976.7 1954.65 1943.95 1940.23 1925.42 1917.75 1916.05 1913.65 1928.25 1928.33 1937.07 1926.74 1927.38 1929.9 1913.45 1907.4 1904.01 1898 1892.05 1887.5 1889.16 1887.52 1883.61 1883.06 1883.06 1883.06 1883.06 1883.13 1918.93 1935.33 1946.38 1963.72 1965.65 1968.99 1955.32 1949.22 1947.58 1942.75 1944.31 1948.85 1953.48 1963.13 1985.23 1980.38 1973.23 1971.66 1973.26 1976.12 1962.73 1978.88 1987.34 1994.37 1995.47 2005.82
